//Used character list based on file 'd:\projects\sr2\main\data\tables\localized_exports\platform_pc_CH.txt'
// Appending to file 'd:\projects\sr2\main\data\tables\localized_exports\charlist_CH.txt'
// a list of all characters known to be used in Saint's Row.
// used to compress from 65536 Unicode to ~1500 Utilized Japanese
// BUILD Apr 28 2008 18:09:08
count=2838
32
33
34
35
36
37
38
39
40
41
42
43
44
45
46
47
48
49
50
51
52
53
54
55
56
57
58
59
60
61
62
63
64
65
66
67
68
69
70
71
72
73
74
75
76
77
78
79
80
81
82
83
84
85
86
87
88
89
90
91
92
93
94
95
96
97
98
99
100
101
102
103
104
105
106
107
108
109
110
111
112
113
114
115
116
117
118
119
120
121
122
123
124
125
126
127
128
129
130
131
132
133
134
135
136
137
138
139
140
141
142
143
144
145
146
147
148
149
150
151
152
153
154
155
156
157
158
159
160
161
162
163
164
165
166
167
168
169
170
171
172
173
174
175
176
177
178
179
180
181
182
183
184
185
186
187
188
189
190
191
192
193
194
195
196
197
198
199
200
201
202
203
204
205
206
207
208
209
210
211
212
213
214
215
216
217
218
219
220
221
222
223
224
225
226
227
228
229
230
231
232
233
234
235
236
237
238
239
240
241
242
243
244
245
246
247
248
249
250
251
252
253
254
255
8217
8230
8231
8592
8593
8594
8595
9472
12288
12289
12290
12296
12297
12300
12301
12302
12303
12362
12406
12420
12435
19968
19969
19971
19976
19977
19978
19979
19981
19984
19985
19988
19990
19993
19999
20006
20013
20018
20025
20027
20037
20043
20046
20047
20051
20056
20057
20061
20062
20063
20083
20094
20098
20102
20104
20107
20108
20114
20116
20117
20123
20126
20129
20132
20139
20141
20142
20154
20160
20161
20167
20170
20171
20173
20180
20182
20184
20185
20195
20196
20197
20208
20214
20219
20221
20223
20225
20234
20237
20239
20240
20241
20249
20271
20272
20276
20280
20282
20284
20294
20296
20301
20302
20303
20305
20308
20309
20315
20316
20320
20329
20339
20351
20358
20360
20363
20374
20379
20381
20398
20405
20406
20415
20418
20420
20431
20445
20449
20462
20463
20465
20489
20491
20493
20497
20498
20502
20505
20511
20518
20523
20540
20551
20553
20559
20570
20572
20581
20596
20597
20598
20599
20605
20613
20621
20625
20632
20633
20642
20653
20658
20659
20661
20663
20670
20677
20687
20693
20709
20721
20725
20729
20736
20740
20745
20760
20767
20778
20786
20801
20803
20804
20805
20806
20807
20808
20809
20811
20813
20818
20828
20837
20839
20840
20841
20843
20844
20845
20849
20853
20854
20855
20856
20874
20877
20882
20896
20908
20912
20919
20934
20941
20961
20976
20977
20979
20984
20986
20992
20995
20998
20999
21009
21010
21015
21021
21028
21029
21033
21034
21040
21046
21050
21051
21057
21059
21063
21069
21070
21083
21085
21097
21098
21103
21106
21109
21123
21127
21128
21130
21133
21137
21147
21151
21152
21155
21161
21162
21163
21185
21187
21191
21193
21202
21205
21209
21213
21214
21215
21218
21220
21235
21237
21246
21247
21253
21270
21271
21273
21283
21290
21295
21311
21312
21313
21315
21319
21320
21322
21330
21332
21335
21338
21344
21345
21360
21361
21363
21365
21368
21371
21380
21402
21407
21413
21421
21435
21443
21448
21449
21450
21451
21453
21462
21463
21467
21474
21475
21476
21477
21478
21482
21483
21484
21485
21487
21488
21490
21491
21496
21507
21508
21512
21513
21514
21515
21516
21517
21520
21521
21531
21536
21542
21543
21547
21555
21557
21560
21561
21563
21564
21566
21568
21571
21574
21576
21578
21582
21602
21606
21608
21619
21621
21624
21628
21629
21644
21654
21670
21672
21676
21696
21697
21700
21703
21704
21729
21733
21734
21736
21737
21738
21741
21756
21767
21769
21776
21804
21806
21807
21809
21815
21822
21830
21834
21839
21852
21854
21855
21857
21860
21861
21862
21888
21890
21892
21895
21898
21908
21912
21914
21916
21917
21930
21934
21938
21966
21969
21978
21981
21992
21999
22029
22036
22038
22039
22043
22046
22047
22066
22068
22075
22079
22099
22114
22120
22122
22124
22132
22151
22184
22196
22210
22217
22234
22235
22238
22240
22256
22266
22280
22283
22285
22290
22291
22294
22296
22303
22312
22320
22334
22336
22343
22349
22352
22374
22378
22402
22403
22411
22446
22467
22475
22478
22495
22519
22522
22530
22533
22534
22561
22564
22570
22577
22580
22581
22602
22604
22609
22612
22615
22616
22622
22626
22635
22645
22659
22666
22675
22684
22686
22687
22696
22700
22702
22721
22739
22750
22751
22763
22767
22778
22799
22806
22810
22812
22816
22818
22821
22823
22825
22826
22827
22830
22831
22833
22839
22846
22855
22857
22862
22863
22865
22868
22871
22882
22887
22890
22894
22899
22902
22905
22909
22914
22916
22930
22931
22934
22937
22941
22942
22949
22952
22958
22963
22969
22982
22987
22992
22995
22996
23018
23039
23041
23043
23064
23067
23068
23100
23105
23110
23114
23130
23142
23186
23229
23244
23254
23305
23344
23363
23376
23380
23383
23384
23395
23396
23401
23403
23416
23427
23429
23432
23433
23436
23447
23448
23450
23452
23458
23459
23460
23470
23472
23475
23478
23481
23487
23490
23492
23494
23500
23506
23507
23519
23521
23522
23526
23527
23529
23531
23532
23542
23544
23553
23556
23559
23560
23561
23562
23563
23565
23566
23567
23569
23574
23578
23588
23596
23601
23607
23610
23612
23614
23615
23616
23617
23621
23624
23627
23628
23629
23630
23631
23633
23637
23648
23652
23653
23660
23665
23673
23713
23736
23792
23798
23803
23815
23849
23996
24004
24030
24033
24034
24037
24038
24039
24040
24043
24046
24049
24050
24052
24055
24062
24066
24067
24070
24076
24085
24090
24093
24101
24107
24109
24115
24118
24120
24125
24133
24149
24162
24163
24171
24179
24180
24184
24185
24187
24189
24190
24199
24202
24207
24213
24215
24220
24230
24231
24235
24237
24247
24258
24264
24266
24275
24282
24288
24290
24291
24307
24310
24314
24324
24330
24335
24341
24343
24351
24359
24369
24373
24375
24392
24396
24398
24418
24425
24428
24432
24433
24439
24441
24444
24447
24448
24449
24453
24456
24458
24459
24460
24465
24466
24471
24472
24478
24481
24489
24490
24494
24501
24503
24505
24509
24515
24517
24524
24525
24535
24536
24537
24544
24555
24565
24573
24575
24590
24594
24597
24598
24605
24613
24615
24616
24618
24646
24656
24661
24674
24676
24677
24680
24681
24685
24687
24688
24713
24717
24724
24730
24735
24739
24744
24754
24764
24773
24785
24796
24801
24817
24819
24825
24840
24841
24847
24858
24859
24860
24863
24871
24904
24907
24908
24910
24917
24920
24930
24931
24935
24942
24944
24950
24958
24971
24974
24976
24977
24996
25014
25026
25032
25033
25034
25074
25078
25079
25080
25084
25088
25104
25105
25106
25110
25130
25134
25136
25138
25140
25142
25151
25152
25153
25159
25163
25165
25170
25171
25172
25176
25187
25197
25198
25199
25203
25206
25209
25214
25215
25216
25220
25226
25235
25237
25239
25240
25259
25265
25269
25273
25276
25277
25286
25289
25291
25292
25293
25296
25298
25299
25300
25302
25304
25305
25307
25308
25324
25327
25329
25331
25340
25342
25343
25345
25351
25353
25361
25366
25391
25402
25405
25406
25413
25417
25421
25423
25424
25429
25458
25463
25472
25475
25480
25481
25484
25490
25496
25499
25504
25505
25506
25509
25511
25512
25513
25520
25551
25552
25554
25562
25563
25569
25578
25581
25582
25588
25613
25615
25616
25622
25628
25630
25644
25645
25654
25661
25684
25695
25703
25705
25720
25722
25730
25735
25744
25749
25758
25764
25765
25773
25774
25778
25788
25791
25793
25799
25802
25803
25805
25806
25812
25818
25824
25836
25842
25844
25850
25854
25856
25871
25876
25884
25885
25892
25898
25903
25910
25913
25915
25918
25919
25925
25928
25935
25937
25943
25944
25945
25950
25954
25955
25958
25964
25970
25972
25973
25975
25976
25987
25991
26001
26007
26009
26012
26021
26031
26032
26039
26041
26044
26045
26049
26053
26059
26063
26071
26082
26085
26086
26089
26106
26114
26118
26119
26126
26127
26131
26132
26143
26144
26149
26151
26152
26157
26159
26178
26179
26185
26202
26222
26223
26228
26230
26234
26248
26249
26262
26263
26274
26283
26289
26292
26296
26326
26333
26336
26354
26356
26360
26364
26366
26367
26368
26371
26376
26377
26379
26381
26391
26395
26397
26399
26408
26410
26411
26412
26413
26417
26421
26438
26446
26448
26449
26454
26463
26477
26479
26481
26485
26494
26495
26512
26517
26519
26522
26524
26525
26550
26564
26575
26576
26579
26580
26597
26607
26609
26643
26657
26666
26680
26681
26684
26685
26694
26696
26700
26705
26742
26751
26757
26781
26786
26791
26792
26799
26800
26803
26820
26825
26827
26829
26834
26840
26842
26847
26862
26874
26885
26893
26970
26989
26997
27010
27028
27036
27048
27054
27060
27083
27084
27085
27091
27123
27133
27137
27138
27153
27155
27161
27169
27171
27192
27193
27204
27207
27211
27224
27225
27231
27233
27234
27243
27284
27298
27311
27315
27331
27365
27396
27402
27414
27424
27425
27427
27450
27454
27463
27465
27468
27472
27489
27490
27491
27492
27493
27494
27498
27506
27511
27512
27513
27515
27530
27542
27544
27550
27565
27570
27573
27578
27583
27584
27590
27597
27599
27602
27604
27611
27627
27631
27645
27663
27665
27667
27675
27683
27687
27694
27695
27700
27704
27710
27713
27714
27735
27737
27744
27745
27760
27770
27773
27779
27784
27785
27792
27794
27801
27819
27822
27827
27833
27835
27838
27839
27841
27849
27850
27861
27873
27874
27875
27877
27880
27888
27891
27915
27927
27931
27934
27941
27945
27954
27963
27966
27969
28003
28006
28009
28010
28020
28023
28024
28040
28041
28079
28082
28092
28107
28120
28129
28136
28138
28139
28145
28149
28151
28153
28154
28165
28187
28195
28198
28204
28207
28216
28222
28234
28263
28271
28304
28310
28316
28330
28331
28335
28357
28369
28399
28404
28414
28415
28417
28418
28422
28431
28436
28448
28450
28457
28459
28460
28466
28472
28479
28497
28500
28507
28516
28526
28580
28608
28629
28651
28657
28666
28670
28681
28687
28689
28693
28701
28748
28753
28760
28771
28779
28784
28797
28818
28843
28846
28856
28858
28872
28879
28888
28889
28900
28911
28919
28938
28954
28961
28966
28976
28982
29001
29017
29022
29031
29033
29060
29087
29105
29123
29128
29138
29141
29145
29151
29164
29165
29180
29190
29197
29200
29211
29226
29228
29229
29234
29237
29238
29240
29241
29242
29245
29246
29254
29255
29256
29260
29273
29275
29280
29282
29287
29289
29298
29305
29309
29312
29351
29356
29359
29376
29378
29399
29401
29408
29409
29436
29467
29468
29477
29494
29502
29508
29509
29518
29544
29554
29557
29560
29563
29575
29577
29579
29609
29618
29627
29632
29645
29664
29677
29694
29699
29702
29733
29747
29748
29749
29790
29791
29802
29824
29827
29864
29872
29903
29916
29923
29926
29942
29976
29978
29980
29983
29986
29989
29990
29992
29993
30000
30001
30002
30007
30028
30031
30041
30050
30053
30058
30059
30064
30070
30090
30095
30097
30116
30123
30130
30142
30149
30151
30171
30174
30196
30219
30227
30239
30246
30274
30284
30290
30305
30306
30318
30321
30331
30332
30333
30334
30340
30342
30343
30382
30394
30406
30410
30414
30418
30420
30427
30428
30431
30433
30435
30436
30446
30447
30452
30456
30462
30465
30473
30475
30495
30524
30526
30543
30555
30571
30585
30596
30606
30631
30636
30637
30652
30693
30697
30701
30707
30733
30740
30768
30770
30772
30776
30828
30860
30862
30865
30879
30896
30906
30908
30910
30917
30938
30952
31001
31014
31034
31038
31047
31048
31061
31062
31069
31070
31071
31074
31077
31080
31105
31117
31119
31142
31150
31153
31167
31168
31169
31185
31186
31192
31199
31204
31209
31227
31232
31237
31243
31245
31278
31281
31293
31296
31302
31309
31310
31337
31339
31348
31350
31354
31359
31361
31364
31383
31391
31401
31406
31423
31428
31434
31435
31449
31455
31456
31461
31469
31471
31478
31494
31505
31526
31528
31532
31558
31561
31563
31565
31570
31572
31574
31639
31649
31661
31665
31680
31684
31687
31689
31713
31735
31757
31777
31786
31805
31806
31807
31811
31821
31839
31840
31844
31852
31859
31881
31895
31934
31946
31957
31958
31961
31967
31995
31998
32000
32004
32005
32011
32013
32016
32020
32023
32025
32026
32027
32032
32034
32043
32046
32047
32048
32051
32057
32066
32068
32070
32080
32085
32097
32102
32104
32113
32114
32129
32147
32160
32162
32173
32178
32189
32202
32210
32218
32221
32227
32232
32233
32244
32299
32302
32305
32317
32318
32321
32323
32340
32350
32361
32362
32363
32371
32380
32396
32399
32412
32570
32592
32617
32618
32622
32624
32626
32631
32645
32650
32654
32660
32670
32676
32681
32701
32705
32709
32722
32724
32761
32763
32764
32768
32769
32771
32773
32780
32781
32784
32791
32793
32819
32822
32829
32831
32838
32842
32854
32858
32862
32879
32880
32882
32887
32893
32902
32903
32905
32908
32918
32922
32923
32929
32930
32933
32937
32943
32946
32954
32963
32972
32974
32982
32993
33016
33021
33029
33030
33032
33046
33067
33081
33102
33104
33108
33109
33125
33126
33134
33136
33139
33144
33145
33146
33151
33152
33162
33178
33180
33181
33184
33192
33213
33218
33225
33229
33240
33247
33251
33253
33256
33258
33261
33267
33268
33287
33288
33289
33290
33292
33293
33298
33302
33310
33322
33324
33333
33337
33351
33368
33369
33391
33393
33394
33406
33426
33433
33445
33452
33453
33457
33495
33509
33510
33521
33540
33585
33586
33590
33592
33609
33610
33618
33673
33674
33678
33707
33735
33736
33756
33775
33777
33778
33784
33802
33836
33853
33865
33879
33883
33891
33899
33900
33903
33922
33936
33945
33976
33978
33980
33988
33995
34028
34065
34067
34085
34115
34153
34157
34180
34214
34217
34218
34249
34253
34255
34256
34268
34269
34276
34277
34310
34311
34321
34349
34367
34382
34384
34389
34399
34425
34442
34503
34507
34523
34562
34584
34588
34597
34612
34649
34656
34662
34676
34678
34690
34701
34722
34739
34746
34802
34829
34847
34850
34875
34880
34892
34899
34903
34907
34909
34913
34915
34920
34923
34935
34955
34957
34966
34987
35009
35010
35023
35028
35033
35036
35037
35041
35064
35065
35069
35079
35088
35114
35122
35126
35131
35167
35178
35183
35186
35199
35201
35206
35211
35215
35222
35242
35258
35261
35264
35282
35299
35320
35328
35330
35336
35338
35342
35347
35349
35351
35352
35357
35359
35370
35373
35377
35380
35386
35387
35408
35413
35422
35430
35433
35437
35441
35442
35443
35449
35463
35468
35469
35475
35477
35480
35486
35488
35491
35492
35498
35504
35506
35519
35527
35531
35538
35542
35548
35575
35582
35584
35586
35594
35607
35611
35613
35616
35641
35657
35672
35676
35686
35696
35700
35703
35709
35712
35722
35731
35738
35895
35910
35924
35937
35946
35947
35948
35961
35980
35987
35997
35998
36000
36001
36002
36007
36008
36009
36011
36012
36020
36023
36024
36027
36028
36034
36036
36039
36040
36042
36060
36062
36064
36067
36068
36074
36077
36084
36090
36092
36093
36101
36104
36106
36111
36115
36118
36196
36198
36203
36208
36212
36215
36225
36229
36234
36245
36255
36259
36264
36275
36276
36286
36300
36305
36315
36317
36319
36321
36330
36335
36339
36367
36381
36386
36393
36409
36424
36447
36452
36466
36493
36523
36530
36538
36544
36554
36556
36557
36575
36600
36611
36617
36628
36629
36635
36637
36649
36650
36655
36664
36667
36670
36676
36681
36686
36703
36763
36764
36771
36774
36782
36783
36785
36786
36805
36814
36817
36820
36838
36842
36843
36848
36852
36855
36861
36864
36865
36867
36870
36879
36880
36884
36887
36889
36890
36891
36893
36895
36896
36899
36910
36913
36914
36920
36930
36935
36938
36939
36941
36942
36947
36948
36949
36953
36958
36960
36963
36969
36973
36974
36978
36981
36984
36986
36991
36992
36993
36996
37002
37007
37027
37034
37041
37066
37070
37096
37109
37117
37165
37168
37194
37197
37202
37225
37226
37228
37230
37231
37239
37240
37255
37257
37259
37266
37276
37291
37312
37313
37319
37323
37324
37325
37326
37327
37329
37336
37341
37347
37389
37393
37396
37397
37428
37466
37467
37476
37504
37509
37528
37548
37555
37559
37569
37586
37604
37624
37628
37636
37648
37656
37666
37672
37679
37686
37688
37706
37707
37749
37782
37806
37832
37857
37858
37885
37912
37938
37939
37941
37987
38000
38002
38013
38263
38272
38275
38281
38283
38290
38291
38296
38307
38321
38342
38358
38364
38449
38450
38459
38463
38468
38475
38477
38480
38498
38499
38500
38506
38512
38519
38520
38525
38538
38542
38548
38555
38556
38567
38568
38570
38577
38584
38587
38592
38596
38597
38598
38599
38601
38604
38613
38614
38617
38620
38622
38626
38627
38632
38634
38642
38646
38647
38651
38656
38663
38695
38706
38712
38718
38728
38738
38748
38750
38752
38753
38754
38761
38772
38774
38795
38829
38860
38867
38899
38907
38911
38913
38914
38917
38918
38920
38928
38929
38931
38936
38950
38957
38960
38971
38982
38988
38989
38990
38991
39000
39006
39015
39023
39025
39028
39080
39110
39131
39135
39138
39151
39154
39165
39166
39173
39178
39180
39184
39187
39192
39201
39208
39221
39250
39318
39321
39336
39340
39347
39348
39361
39376
39381
39387
39405
39438
39449
39472
39479
39493
39509
39511
39514
39515
39522
39592
39599
39600
39607
39608
39631
39634
39636
39638
39640
39654
39662
39675
39686
39693
39714
39717
39719
39740
39745
39746
39749
39764
39770
39775
39791
39799
39825
39854
39882
39905
39949
40165
40179
40182
40201
40232
40285
40372
40442
40572
40599
40613
40629
40635
40636
40643
40654
40657
40664
40670
40687
40723
40736
40763
40778
40786
40801
40810
40823
40845
40848
40860
65072
65111
65118
65281
65285
65286
65288
65289
65292
65294
65306
65307
65311
65340
65374
65381
//ENDOFFILE
