//Used character list based on file 'd:\projects\sr2\main\data\tables\localized_exports\platform_ps3_JP.txt'
// Appending to file 'd:\projects\sr2\main\data\tables\localized_exports\charlist_JP.txt'
// a list of all characters known to be used in Saint's Row.
// used to compress from 65536 Unicode to ~1500 Utilized Japanese
// BUILD Apr 28 2008 18:09:08
count=1980
32
33
34
35
36
37
38
39
40
41
42
43
44
45
46
47
48
49
50
51
52
53
54
55
56
57
58
59
60
61
62
63
64
65
66
67
68
69
70
71
72
73
74
75
76
77
78
79
80
81
82
83
84
85
86
87
88
89
90
91
92
93
94
95
96
97
98
99
100
101
102
103
104
105
106
107
108
109
110
111
112
113
114
115
116
117
118
119
120
121
122
123
124
125
126
127
128
129
130
131
132
133
134
135
136
137
138
139
140
141
142
143
144
145
146
147
148
149
150
151
152
153
154
155
156
157
158
159
160
161
162
163
164
165
166
167
168
169
170
171
172
173
174
175
176
177
178
179
180
181
182
183
184
185
186
187
188
189
190
191
192
193
194
195
196
197
198
199
200
201
202
203
204
205
206
207
208
209
210
211
212
213
214
215
216
217
218
219
220
221
222
223
224
225
226
227
228
229
230
231
232
233
234
235
236
237
238
239
240
241
242
243
244
245
246
247
248
249
250
251
252
253
254
255
8213
8217
8220
8221
8230
8482
12288
12289
12290
12293
12300
12301
12354
12355
12356
12358
12360
12361
12362
12363
12364
12365
12366
12367
12368
12369
12370
12371
12372
12373
12374
12375
12376
12377
12378
12379
12380
12381
12382
12383
12384
12385
12387
12388
12389
12390
12391
12392
12393
12394
12395
12396
12397
12398
12399
12400
12401
12402
12403
12405
12406
12407
12408
12409
12410
12411
12412
12413
12414
12415
12416
12417
12418
12419
12420
12422
12423
12424
12425
12426
12427
12428
12429
12431
12434
12435
12449
12450
12451
12452
12453
12454
12455
12456
12457
12458
12459
12460
12461
12462
12463
12464
12465
12466
12467
12468
12469
12470
12471
12472
12473
12474
12475
12476
12477
12478
12479
12480
12481
12483
12484
12486
12487
12488
12489
12490
12491
12492
12493
12494
12495
12496
12497
12498
12499
12500
12501
12502
12503
12504
12505
12506
12507
12508
12509
12510
12511
12512
12513
12514
12515
12516
12517
12518
12519
12520
12521
12522
12523
12524
12525
12527
12531
12532
12539
12540
19968
19969
19975
19976
19977
19978
19979
19981
19982
19990
20001
20006
20013
20024
20027
20037
20047
20055
20062
20081
20096
20102
20104
20105
20107
20108
20114
20117
20129
20132
20140
20141
20154
20161
20167
20170
20171
20181
20182
20184
20195
20196
20197
20206
20208
20210
20214
20219
20225
20239
20240
20241
20250
20253
20276
20280
20282
20284
20301
20302
20303
20307
20309
20313
20316
20351
20363
20379
20381
20385
20398
20405
20415
20418
20445
20449
20462
20474
20489
20491
20493
20498
20505
20511
20516
20553
20559
20572
20596
20597
20598
20605
20621
20632
20633
20652
20653
20658
20663
20670
20685
20687
20693
20711
20736
20740
20767
20778
20786
20803
20804
20805
20806
20808
20809
20813
20826
20837
20840
20843
20844
20849
20853
20855
20856
20869
20870
20877
20887
20889
20896
20919
20932
20941
20961
20966
20982
20986
20992
20998
20999
21000
21009
21015
21021
21028
21029
21033
21040
21046
21050
21051
21059
21063
21066
21069
21091
21092
21104
21106
21109
21127
21147
21151
21152
21155
21161
21162
21172
21177
21187
21193
21205
21208
21209
21213
21215
21218
21223
21234
21253
21270
21271
21305
21306
21307
21313
21320
21322
21329
21330
21332
21335
21336
21338
21344
21360
21361
21363
21364
21365
21380
21402
21407
21427
21435
21442
21450
21451
21452
21453
21454
21462
21463
21475
21476
21477
21481
21482
21483
21484
21487
21488
21490
21491
21494
21495
21496
21508
21512
21516
21517
21520
21521
21531
21542
21547
21560
21561
21576
21578
21608
21610
21619
21628
21629
21644
21697
21729
21766
21767
21807
21822
21830
21839
21843
21892
21899
21916
21917
21927
21931
21942
21957
22022
22057
22066
22082
22107
22120
22132
22234
22235
22238
22240
22243
22254
22256
22258
22259
22266
22269
22287
22290
22303
22311
22312
22320
22346
22402
22411
22475
22495
22496
22519
22521
22522
22549
22577
22580
22592
22602
22612
22615
22622
22635
22659
22675
22679
22684
22687
22721
22730
22763
22768
22770
22793
22799
22805
22806
22810
22812
22818
22823
22825
22826
22827
22830
22833
22855
22857
22863
22865
22885
22888
22890
22894
22899
22909
22914
22916
22934
22937
22952
22956
22971
22987
22995
22996
23039
23041
23064
23087
23130
23142
23241
23244
23305
23330
23376
23383
23384
23396
23398
23429
23432
23433
23436
23447
23448
23449
23450
23451
23453
23455
23458
23460
23475
23476
23478
23481
23487
23492
23494
23500
23515
23517
23519
23529
23544
23550
23553
23554
23556
23558
23562
23566
23567
23569
23574
23578
23601
23610
23611
23613
23614
23616
23617
23621
23624
23626
23627
23637
23646
23652
23653
23665
23721
23736
23798
23849
23888
24029
24030
24033
24035
24037
24038
24040
24046
24049
24059
24066
24067
24076
24093
24107
24109
24111
24112
24115
24120
24125
24133
24149
24179
24180
24184
24185
24187
24195
24202
24207
24213
24215
24220
24230
24231
24235
24237
24259
24265
24266
24310
24311
24314
24321
24335
24341
24351
24359
24369
24373
24375
24382
24403
24418
24425
24427
24433
24441
24444
24452
24453
24458
24459
24460
24466
24467
24471
24472
24481
24489
24494
24500
24505
24515
24517
24525
24535
24536
24537
24540
24544
24555
24565
24594
24598
24605
24608
24613
24615
24616
24618
24623
24651
24656
24658
24677
24681
24687
24724
24735
24739
24746
24754
24764
24773
24785
24794
24808
24819
24841
24847
24853
24858
24859
24863
24904
24907
24908
24910
24930
24931
24942
24962
24974
25014
25080
25082
25104
25105
25106
25126
25134
25135
25144
25147
25151
25152
25161
25163
25165
25171
25173
25198
25201
25209
25215
25216
25226
25233
25237
25239
25240
25244
25246
25259
25265
25269
25276
25285
25293
25296
25298
25304
25307
25309
25312
25331
25334
25342
25343
25345
25351
25361
25369
25384
25391
25417
25429
25436
25448
25475
25480
25484
25490
25496
25499
25503
25505
25506
25509
25511
25512
25524
25539
25545
25551
25552
25562
25563
25569
25582
25588
25594
25613
25644
25645
25658
25666
25688
25731
25746
25764
25774
25805
25842
25903
25913
25915
25918
25919
25925
25937
25943
25945
25955
25964
25968
25972
25973
25975
25991
26009
26012
26017
26029
26032
26041
26045
26053
26059
26063
26071
26082
26085
26086
26087
26088
26089
26118
26119
26126
26127
26131
26132
26143
26144
26149
26151
26152
26178
26217
26222
26223
26228
26230
26247
26257
26262
26263
26286
26292
26311
26326
26354
26356
26360
26361
26367
26368
26376
26377
26381
26395
26397
26399
26408
26410
26411
26412
26413
26426
26448
26449
26463
26465
26469
26479
26481
26495
26519
26522
26524
26550
26564
26579
26609
26619
26628
26643
26657
26666
26681
26684
26685
26696
26719
26753
26820
26834
26840
26842
26847
26862
26874
26885
26893
26908
26965
26989
26997
27005
27010
27060
27083
27084
27096
27161
27169
27177
27178
27197
27211
27231
27323
27424
27425
27442
27450
27468
27475
27490
27491
27494
27497
27498
27503
27507
27508
27515
27530
27531
27570
27572
27573
27578
27584
27598
27602
27604
27611
27663
27665
27671
27700
27704
27714
27738
27741
27744
27770
27784
27788
27809
27810
27833
27835
27839
27841
27850
27861
27874
27875
27877
27880
27891
27915
27922
27927
27934
27963
27966
27969
27972
27973
28020
28023
28024
28040
28057
28082
28145
28151
28165
28168
28169
28171
28187
28193
28198
28204
28207
28286
28288
28304
28310
28316
28322
28342
28346
28357
28369
28382
28404
28417
28422
28431
28436
28448
28460
28508
28516
28528
28608
28611
28693
28779
28783
28797
28814
28856
28857
28858
28872
28961
28982
28988
29017
29031
29087
29105
29118
29123
29165
29190
29226
29238
29255
29256
29273
29275
29289
29298
29305
29344
29356
29359
29366
29378
29401
29417
29420
29467
29483
29486
29508
29554
29572
29575
29577
29579
29632
29677
29694
29699
29702
29733
29863
29872
29926
29942
29976
29983
29987
29989
29992
30001
30002
30003
30007
30011
30028
30031
30041
30053
30058
30064
30097
30130
30149
30171
30185
30274
30290
30294
30330
30331
30333
30334
30340
30342
30382
30399
30410
30423
30427
30435
30436
30446
30450
30452
30456
30462
30465
30473
30475
30495
30496
30524
30528
30561
30636
30690
30693
30701
30707
30722
30740
30741
30770
30772
30865
30906
30952
30990
31019
31034
31036
31038
31048
31062
31069
31070
31085
31105
31168
31169
31185
31186
31192
31204
31209
31216
31227
31232
31243
31246
31278
31292
31309
31311
31339
31348
31350
31354
31361
31363
31379
31391
31435
31456
31471
31478
31505
31532
31558
31561
31563
31565
31570
31572
31574
31623
31639
31649
31665
31680
31684
31689
31777
31807
31859
31881
31895
31911
31934
31992
31995
32000
32004
32013
32016
32020
32025
32026
32027
32032
32034
32043
32048
32051
32057
32066
32068
32070
32076
32080
32094
32097
32102
32113
32117
32118
32153
32154
32173
32178
32191
32202
32207
32209
32210
32218
32224
32232
32233
32244
32257
32260
32283
32286
32294
32299
32302
32318
32321
32340
32368
32566
32608
32618
32622
32624
32626
32654
32676
32681
32701
32722
32763
32769
32771
32773
32784
32819
32854
32862
32884
32887
32905
32908
32930
32933
32937
32938
32954
32966
32972
32990
33012
33016
33021
33026
33029
33030
33032
33050
33073
33075
33104
33108
33109
33136
33145
33178
33192
33235
33256
33258
33261
33267
33268
33288
33294
33303
33310
33322
33324
33333
33334
33337
33391
33394
33437
33457
33459
33464
33499
33509
33510
33521
33590
33618
33624
33655
33707
33740
33747
33756
33775
33853
33865
33900
33988
34067
34101
34180
34220
34311
34382
34384
34394
34411
34425
34503
34562
34645
34678
34880
34886
34892
34899
34903
34907
34909
34915
34920
34955
34966
34987
35009
35010
35013
35023
35029
35036
35069
35070
35079
35088
35090
35167
35186
35199
35201
35207
35211
35215
35222
35223
35226
35239
35242
35251
35282
35299
35302
35328
35336
35347
35352
35359
35363
35370
35373
35377
35379
35380
35386
35388
35408
35413
35430
35440
35441
35443
35463
35465
35469
35475
35477
35480
35486
35488
35492
35500
35501
35504
35506
35519
35527
35531
35542
35582
35584
35613
35641
35672
35686
35696
35698
35703
35728
35914
35937
35946
35961
35980
36000
36001
36002
36007
36008
36009
36015
36020
36023
36024
36027
36032
36034
36035
36036
36039
36042
36049
36059
36062
36064
36066
36074
36077
36092
36104
36196
36198
36208
36215
36229
36234
36259
36275
36317
36321
36335
36339
36362
36367
36468
36487
36490
36493
36523
36554
36556
36557
36562
36575
36578
36600
36605
36611
36617
36637
36650
36664
36706
36763
36766
36785
36786
36794
36796
36799
36802
36805
36814
36817
36820
36843
36848
36855
36861
36864
36865
36867
36870
36879
36884
36890
36895
36896
36899
36910
36913
36914
36930
36933
36935
36938
36939
36942
36947
36948
36949
36960
36963
36969
36973
36974
36984
36986
36991
36996
37034
37048
37066
37070
37096
37101
37109
37117
37197
37202
37204
37218
37228
37239
37240
37261
37264
37266
37276
37304
37320
37325
37326
37327
37329
37341
37389
37444
37467
37474
37504
37507
37549
37613
37618
37628
37648
37664
37672
37679
37682
37749
37782
37806
37857
38263
38272
38275
38281
38283
38289
38291
38306
38322
38360
38450
38459
38477
38480
38498
38499
38500
38501
38506
38512
38515
38520
38522
38525
38534
38536
38538
38542
38548
38555
38556
38560
38563
38596
38598
38599
38609
38626
38627
38632
38640
38642
38646
38647
38651
38663
38666
38695
38706
38738
38745
38750
38754
38761
38765
38772
38899
38911
38914
38915
38917
38918
38928
38929
38956
38957
38971
38972
38988
38989
38990
38996
39000
39003
39006
39015
39080
39131
39135
39138
39151
39154
39165
39166
39180
39184
39187
39208
39255
39318
39340
39364
39365
39366
39376
39378
39442
39443
39449
39514
39592
39608
39640
39658
39661
39740
39746
39764
39770
39854
40165
40180
40575
40614
40635
40644
40658
40665
40763
40802
65281
65285
65286
65288
65289
65293
65295
65296
65297
65298
65306
65308
65310
65311
65313
65319
65324
65326
65330
65332
65333
65339
65341
65350
65358
65374
65378
65379
65509
//ENDOFFILE
